0.0602323562
-0.0178429037
0.07663029
0.0475451536
0.0366088152
0.03486292
-0.0285577141
-0.000378973229
-0.0514299758
-0.0107786506
0.006345254
0.0332691
0.07413087
0.0438242257
-0.0236163363
0.0255078617
0.01945877
0.05086338
0.0561660938
0.0508988947
0.00698445
0.0751154348
-0.0120877409
0.04015414
0.03408835
0.0522251725
-0.0106621822
0.125251234
9.312965E-05
0.04562339
0.09415348
0.09833137
0.061078
0.108033352
-0.00102118507
-0.0505476333
0.020749988
0.00473299762
0.040015202
0.00877773948
-0.00455242535
-0.0247252323
0.07249884
0.0344861932
0.0497161373
-0.00744042872
0.07165261
-0.0215477664
0.0389404781
0.0233227964
0.0370621122
-0.0199981276
0.113103837
-0.0327478759
0.07263597
-0.0444065
0.05377294
-0.002295919
0.0675017461
-0.0725524947
0.0278722458
-0.08076015
0.08721835
-0.07647024
0.100261621
-0.0907905847
0.04145142
-0.0428542159
0.0981105044
-0.058713872
0.0588142462
-0.06179831
0.07033907
-0.0516893752
0.0251440033
-0.06468147
0.03202201
-0.07038888
-0.00100990268
-0.109301835
-0.0160920918
-0.08623449
0.0271550585
-0.06989194
0.0135759665
-0.0336205326
0.0544860624
-0.111201845
0.0140515491
-0.096972324
-0.0270043649
-0.0462248251
0.00833615
-0.0223505665
0.0217195
-0.0302559
0.0371467955
-0.04713069
-0.0141146164
-0.02891911
0.0010924011
-0.0465463474
-0.0142627675
-0.05980004
0.02066094
0.008532043
0.008158027
-0.06194214
0.0428096727
-0.0703404248
-0.0133088008
-0.08089675
-0.0387502722
-0.0145018641
0.009612769
-0.07225475
-0.00403284561
-0.0966747552
0.04982669
-0.06788968
0.00631751958
-0.09222425
-0.018151233
-0.09483362
-0.0278204251
-0.08784951
0.0173586737
-0.126958549
-0.004727467
-0.132288247
0.0106521742
-0.141558811
-0.0251215268
-0.145296261
-0.01611095
-0.105364062
-0.0436697081
-0.1281381
-0.05149428
-0.109452978
-0.0316963568
-0.126309216
0.00865913
-0.15489234
-0.01670928
-0.140739188
-0.0868580639
-0.114567
-0.07179301
-0.1401843
-0.0662652
-0.102797136
-0.0426499248
-0.139536545
-0.0691496357
-0.158540651
-0.04150409
-0.108170979
-0.06438062
-0.13171725
-0.06918858
-0.106563561
-0.104520634
-0.172517374
-0.0830817744
-0.113168024
-0.08887173
-0.146122172
-0.0831256
-0.1009535
-0.06682055
-0.111646354
-0.0993322
-0.114981122
-0.102928355
-0.122507945
-0.115072027
-0.100986987
-0.08524799
-0.07394237
-0.06418207
-0.08877311
-0.0934424
-0.08610476
-0.0747913346
-0.0698067546
-0.06476143
-0.0942352861
-0.131396368
-0.0796233341
-0.107393414
-0.113150232
-0.123238139
-0.133752868
-0.133250251
-0.127721861
-0.150853366
-0.103813156
-0.105884813
-0.09578095
-0.13693893
-0.115662418
-0.155997545
-0.108674951
-0.151591852
-0.103408754
-0.15698266
-0.101065136
-0.183823809
-0.112207644
-0.175893411
-0.05556671
-0.153796121
-0.07544178
-0.151355639
-0.05401863
-0.160903528
-0.07240779
-0.223792449
-0.09246575
-0.169445708
-0.0267232563
-0.16394344
-0.0602535531
-0.165246457
-0.0414744
-0.15158765
-0.05403817
-0.131744757
-0.06629515
-0.1609513
-0.0621535927
-0.130820736
-0.0422400348
-0.1835164
-0.04257839
-0.146969154
-0.0338204056
-0.197467148
0.0152508114
-0.1633629
-0.0237648524
-0.128422931
-0.00733148633
-0.16027078
0.0172020048
-0.162537292
-0.0228692014
-0.144656211
-0.04296154
-0.140515223
0.00365497987
-0.145459935
-0.022989627
-0.194835454
-0.0251738746
-0.139515325
-0.0410311744
-0.146290645
-0.0635845438
-0.15608266
-0.005623012
-0.182279661
-0.07826697
-0.132788911
-0.0475322865
-0.155883819
-0.0351135954
-0.1999195
-0.0221041963
-0.135781646
-0.05742069
-0.190799758
-0.06263815
-0.225056514
-0.0404794067
-0.21186161
-0.0108309081
-0.187468916
-0.0168781988
-0.168043926
-0.03788296
-0.204352826
0.008413293
-0.241342679
0.00463869562
-0.195073128
-0.0117554246
-0.21142599
-0.008691739
-0.194379419
0.006143577
-0.2190877
0.03296898
-0.220066845
0.02987673
-0.237543777
0.03205949
-0.233686954
0.0414542742
-0.216765434
0.09710333
-0.235441566
0.0642310753
-0.175458953
0.07762468
-0.24825789
0.0892451257
-0.236907363
0.10802301
-0.197747439
0.08529877
-0.199592024
0.09875487
-0.206974864
0.0799634
-0.2008753
0.06838019
-0.1936603
0.0814255252
-0.221226573
0.13693352
-0.177544758
0.08467961
-0.196354091
0.05479389
-0.210864559
0.111672416
-0.19323346
0.119735986
-0.22584784
0.119183585
-0.164394319
0.125367045
-0.195858315
0.116397522
-0.197132945
0.1178972
-0.174684972
0.139994711
-0.194631636
0.117958561
-0.174911
0.0815146938
-0.162331372
0.123714857
-0.1660138
0.124853894
-0.175328717
0.0887280256
-0.12807028
0.164198145
-0.1507966
0.127159074
-0.15063861
0.146239683
-0.130641729
0.1180311
-0.1600263
0.08727951
-0.1374837
0.144622192
-0.156635553
0.132523224
-0.08919964
0.122406356
-0.09906098
0.130926415
-0.146331221
0.09113366
-0.125070512
0.167307183
-0.08946445
0.103074014
-0.09730923
0.102705345
-0.100601539
0.0598342828
-0.09736155
0.08637819
-0.120147154
0.107115649
-0.0955383256
0.0613053776
-0.177120715
0.0990302563
-0.124613315
0.08603573
-0.139425635
0.0991928
-0.151584908
0.09754393
-0.07574071
0.139935628
-0.0800814
0.09867353
-0.113135621
0.13038668
-0.08434277
0.161098018
-0.0963638946
0.078294076
-0.0708709
0.105243094
-0.044701755
0.124729536
-0.06102986
0.141621679
-0.04685676
0.117242
-0.03293185
0.07684771
-0.03608243
0.09476325
-0.0521894433
0.133016527
-0.09274074
0.120008565
0.008355189
0.118159659
-0.0556729957
0.108676575
-0.0157601275
0.0685000345
-0.06588992
0.16264677
-0.029080499
0.098066695
-0.0300998
0.135133415
-0.04567023
0.141751528
-0.0776017
0.1165084
-0.049790103
0.12408784
-0.0325889662
0.108452804
-0.0624471381
0.120136745
-0.0269358642
0.139990747
-0.0554303974
0.109867759
-0.07840791
0.119740307
-0.0530176423
0.09493394
-0.0414166078
0.112993509
-0.06451491
0.133935615
-0.09446403
0.09265348
-0.0635486
0.08226779
-0.03404426
0.0935341343
-0.03707819
0.04020613
-0.06131173
0.0920621753
-0.07649307
0.08891288
-0.0586048923
0.126746759
-0.07229779
0.1005492
-0.0327404663
0.103071764
-0.0677341744
0.0996193662
-0.05587136
0.129031688
-0.09752522
0.125445381
-0.0555800945
0.124961808
-0.0310592037
0.124605067
-0.0525701568
0.168673933
-0.0588603169
0.142263964
-0.07491782
0.188785046
-0.03737474
0.186001673
-0.0529620051
0.1734516
-0.0687368959
0.1473407
-0.0662229359
0.168608636
-0.04262233
0.163509369
-0.0437254123
0.165124759
-0.0378788263
0.185810447
-0.06374677
0.159687325
-0.06587651
0.159877881
-0.0112517215
0.170020372
-0.0243600029
0.19652316
-0.00924560148
0.1848258
0.0148991281
0.132676527
0.0427486859
0.1658234
0.0137717063
0.170640662
0.02080059
0.1708611
-0.01446602
0.155479953
0.00295493915
0.168656111
0.01752493
0.128473848
-0.0152668459
0.137126639
0.0327117555
0.129787028
-0.0233430341
0.19580847
0.0158682559
0.169493526
-0.004210647
0.151411951
-0.0226728078
0.192608073
0.01567019
0.185074553
0.0148784695
0.131437212
0.03559753
0.190514028
0.0386782773
0.191126615
0.007075763
0.200048327
0.0693247
0.176783517
0.05564673
0.170018479
0.0178454611
0.204407558
0.0462390147
0.222733
0.0453630723
0.225756288
0.0344233923
0.207965434
0.07210223
0.2154495
0.0502040945
0.208138108
0.0301058311
0.190129459
0.07739539
0.186310068
0.03621098
0.204617187
0.0492636152
0.203141421
0.05921742
0.239773422
0.06794256
0.199859291
0.08200475
0.213906035
0.0459113568
0.2236943
0.0877769738
0.161987752
0.105804086
0.216334939
0.08544564
0.167525366
0.114579223
0.195708781
0.130473658
0.2430231
0.115203291
0.196018025
0.135953754
0.154575855
0.116978653
0.1938882
0.124833934
0.145723969
0.16421701
0.126313284
0.153040081
0.150062338
0.141156554
0.1437221
0.154977962
0.128102019
0.190325022
0.118250966
0.21752058
0.148990929
0.169972181
0.08778553
0.183974132
0.117443129
0.166695848
0.10175211
0.174465492
0.0978700444
0.165857628
0.09472126
0.15686135
0.0764849856
0.181909218
0.08816494
0.14107497
0.107350074
0.154082149
0.0504471548
0.1507224
0.0815716758
0.19098416
0.0866230354
0.140362382
0.0480886437
0.145005137
0.0554696769
0.12372607
0.0521777458
0.129195377
0.08770467
0.145001978
0.07093032
0.126189888
0.08086229
0.1599059
0.07991477
0.144967362
0.0570644252
0.123221114
0.04662346
0.170957521
0.0727296844
0.1331453
0.108925745
0.134474441
0.0133877825
0.136685967
0.0602453426
0.1087511
0.04775514
0.0972033143
0.03201058
0.09972054
0.0670470148
0.07169612
0.025500264
0.09245179
0.02997254
0.100971453
0.0310545266
0.06385465
0.00748642161
0.111929908
0.0275738128
0.0545438565
0.0366757773
0.06877718
0.0422621071
0.0294481255
0.054587312
0.0253862571
0.0395467542
0.07467672
0.0221241135
0.07490101
0.0255272277
0.04509464
0.0169358738
0.07174869
0.0328783281
0.05587188
0.05557836
0.0358522
0.05999167
0.059833698
0.06427393
0.0435582735
0.0507579222
0.09324831
0.104166344
0.06787218
0.126481578
0.07667166
0.09162168
0.107343316
0.0582426563
0.0674268752
0.0805112645
0.115945525
0.08114993
0.170302331
0.078272976
0.127231
0.1094826
0.114920862
0.102193676
0.137999281
0.0564791635
0.139883518
0.08904467
0.145172879
0.0730751455
0.17148295
0.105167054
0.1861011
0.08952913
0.214930281
0.0441818237
0.193338677
0.0597079881
0.181355417
0.0355430767
0.213302374
0.0555032752
0.229041681
0.0459441878
0.246019363
-0.011689893
0.226965591
0.01576546
0.155648
-0.001199322
0.18246612
0.0284083933
0.19914256
-0.0046404996
0.193176627
0.0109472992
0.230972067
-0.00742082
0.198084414
-0.0232522283
0.22923997
-0.0242113974
0.243411779
-0.07567899
0.242430851
-0.0203128532
0.239987969
-0.044998385
0.21676603
-0.0586765781
0.221102685
-0.093469955
0.2225559
-0.08561477
0.20839949
-0.08659288
0.247266725
-0.08382681
0.224662125
-0.121646792
0.186271876
-0.113904081
0.230834022
-0.165045917
0.233826086
-0.123504296
0.21488966
-0.151776016
0.15735817
-0.170845479
0.151388109
-0.17012772
0.144143254
-0.184507012
0.1127268
-0.218502879
0.130219147
-0.212480217
0.129573062
-0.215072945
0.157483667
-0.2513951
0.09793584
-0.256184846
0.09199424
-0.236481339
0.0372661464
-0.202720955
0.06756843
-0.246507719
0.0475450531
-0.209218
0.0249558277
-0.226057589
0.0319069475
-0.214712724
0.0262311827
-0.212107733
0.00453599449
-0.196638465
0.0261269566
-0.199446082
0.008525511
-0.197337091
0.00669415062
-0.165655181
0.004836626
-0.162250936
-0.0197318476
-0.17173399
0.002258406
-0.153101027
-0.00165115274
-0.158507556
-0.0440588146
-0.159716234
-0.000424976373
-0.1524687
-0.01425028
-0.142997384
0.000446007965
-0.187939361
-0.0110866828
-0.154679447
-0.01561938
-0.144816056
0.0255322587
-0.143837869
-0.03230088
-0.127731547
-0.04063951
-0.160060734
-0.00147621939
-0.122800253
0.0218358263
-0.166725636
0.0245398432
-0.127530009
0.0137753934
-0.137090847
0.028279271
-0.146310836
0.00852752849
-0.1654782
0.0205208268
-0.163865522
0.054624334
-0.130384162
0.0416251458
-0.1412235
0.0339552127
-0.1810682
0.03892554
-0.1642517
0.0482762456
-0.1562417
0.025416933
-0.162165716
0.0227152612
-0.1597721
0.030474605
-0.233302876
0.02463868
-0.224294886
0.009026811
-0.2259605
0.0153774954
-0.1835113
-0.0250382517
-0.240292281
-0.03550464
-0.223994553
0.00345089054
-0.224022344
-0.01609059
-0.259907246
-0.0455377735
-0.20560725
-0.0324285924
-0.219063371
-0.04906715
-0.239120662
-0.07076551
-0.2737953
-0.0532371923
-0.195613027
-0.100859642
-0.224060029
-0.0909608454
-0.229253411
-0.105003975
-0.216062784
-0.105045311
-0.2622689
-0.103453442
-0.255916566
-0.110995643
-0.235073119
-0.08720345
-0.191984147
-0.135699168
-0.239948332
-0.122815453
-0.256803453
-0.137391329
-0.206768125
-0.1454135
-0.227931872
-0.138064712
-0.185152635
-0.118398644
-0.193579525
-0.149486274
-0.19565323
-0.157561421
-0.21355778
-0.137182415
-0.211995766
-0.1597385
-0.123521768
-0.135808334
-0.199899748
-0.1627422
-0.137532264
-0.152620047
-0.137798056
-0.132808417
-0.182617858
-0.164154083
-0.195445836
-0.19321759
-0.157270864
-0.17032133
-0.175142676
-0.187564775
-0.160770476
-0.2125804
-0.108969234
-0.245138943
-0.170165524
-0.224651247
-0.149101958
-0.24040544
-0.174201652
-0.286387533
-0.1910481
-0.242774934
-0.123908922
-0.305614054
-0.105620213
-0.28187874
-0.14175266
-0.314129174
-0.136936158
-0.233653083
-0.08520957
-0.2257864
-0.1007835
-0.2853838
-0.07242858
-0.255814135
-0.0474862158
-0.289348334
-0.04031376
-0.222621024
-0.0372967348
-0.249700651
-0.0159302559
-0.215565071
-0.0404323079
-0.257930428
-0.0622942522
-0.2288563
-0.000127746214
-0.234942526
0.0103827352
-0.224345163
0.0204551127
-0.232424349
0.00182249537
-0.265895426
0.031041665
-0.296244979
0.0133332508
-0.216212556
0.0706737
-0.166938841
0.058051113
-0.220452011
0.008854236
-0.243450224
0.0660315
-0.183831826
0.0261062514
-0.216850787
0.0265053045
-0.2295998
0.04162265
-0.183652371
0.0420828275
-0.204950824
0.0579184256
-0.177179411
0.0969698
-0.190688357
0.0280472934
-0.176417559
0.0549786761
-0.217311516
0.0444337055
-0.141990572
0.04213052
-0.177571118
0.0448519029
-0.155364886
0.0934053659
-0.175917029
0.08127554
-0.178715989
0.0678593144
-0.09744506
0.0566637255
-0.1294584
0.07238155
-0.180102766
0.009699735
-0.09585744
0.028296018
-0.108273044
0.0440320633
-0.111962132
0.04081772
-0.141724452
0.0608796775
-0.127008379
0.0538351834
-0.09750237
0.02225294
-0.06591469
0.0267049782
-0.111199118
0.026133135
-0.0678843856
0.0362410359
-0.117314413
0.0269141067
-0.0853329
-0.01737022
-0.0850701258
-0.002247353
-0.099631004
0.0123733953
-0.07218275
0.006915529
-0.085017696
-0.0338548
-0.06546413
0.0159301367
-0.0850387663
-0.0103212716
-0.07211262
0.06413011
-0.08425024
0.0391306728
-0.06906824
0.0465107039
-0.03265442
-0.0116039133
-0.0403913148
0.0505029969
-0.0684140846
0.0516865067
-0.109900609
0.01727099
-0.0677879155
0.03331128
-0.0593135767
0.06629434
-0.0283129774
0.00742421066
-0.0107100345
-0.005945587
0.0208179317
0.0303217862
-0.024199266
0.00123252743
-0.0278216228
0.0221825615
0.03078872
0.000974235765
0.0157962311
-0.0811162
0.0315316878
-0.016562799
0.0519483872
-0.05723201
0.02578113
-0.0290503968
0.0664135
-0.04847963
0.0543580763
-0.0872711539
0.05281454
-0.0574209727
0.128507823
-0.0568004474
0.0675873756
-0.07540901
0.0502503738
-0.106398024
0.058724694
-0.114605375
0.0137442444
-0.1549682
0.0209325552
-0.128258243
0.002897191
-0.09336774
0.0237907916
-0.113432474
-0.0177644063
-0.105426416
-0.04570317
-0.04733495
-0.0516634
-0.112585008
-0.09773679
-0.177111283
-0.08435125
-0.129436553
-0.0816752
-0.139276117
-0.117225595
-0.09946044
-0.06943451
-0.1399067
-0.105518281
-0.119154245
-0.135188282
-0.0976440758
-0.111287922
-0.0910136
-0.09111411
-0.120566152
-0.05137367
-0.101092994
-0.0340924263
-0.07674612
-0.110469535
-0.135034457
-0.0724740252
-0.0794762447
-0.08608889
-0.17039226
-0.0922346041
-0.132019117
-0.06731375
-0.184210569
-0.12871787
-0.123819448
-0.133468091
-0.134748563
-0.005194524
-0.132610351
-0.108526051
-0.1291294
-0.11387831
-0.0953471959
-0.169912145
-0.05501869
-0.132072583
-0.0572417974
-0.128421754
-0.10209658
-0.1191102
-0.0872430056
-0.134252027
-0.09201784
-0.101450078
-0.182421178
-0.110841207
-0.122855663
-0.108413406
-0.0502662919
-0.07633884
-0.09077663
-0.114743173
-0.1435907
-0.0998623446
-0.156047434
-0.08474813
-0.131758034
-0.172066778
-0.116846584
-0.08990802
-0.126229718
-0.129015222
-0.133995563
-0.1268333
-0.0662856
-0.08877137
-0.09568148
-0.132933155
-0.09587463
-0.175736859
-0.104099333
-0.101297922
-0.05630888
-0.170089573
-0.0509671569
-0.06554705
-0.0422548354
-0.0370585024
-0.0144372219
-0.12716876
-0.0256714262
-0.113702007
-0.0247536283
-0.08401991
-0.0765218958
-0.05854126
-0.09574713
-0.0114752548
-0.07817565
-0.0969238356
-0.109230995
-0.12380895
-0.114161856
-0.09191457
-0.148542464
-0.103580721
-0.09586166
-0.1297563
-0.08743306
-0.09186846
-0.123071738
-0.07914554
-0.1379565
-0.08064791
-0.07754368
-0.052810166
-0.06269639
-0.137325421
-0.130323991
-0.176423818
-0.0595079176
-0.126916453
-0.168426484
-0.130542666
-0.0617727637
-0.149332061
-0.100359082
-0.116615959
-0.0626599342
-0.153834417
-0.196130753
-0.176624224
-0.138897821
-0.160201892
-0.147721514
-0.137930378
-0.122406639
-0.206698343
-0.07924021
-0.193272337
-0.103552118
-0.08548584
-0.103073686
-0.150497288
-0.05906777
-0.2045416
-0.129049614
-0.1600137
-0.08122894
-0.172302961
-0.168653712
-0.226347029
-0.0854418948
-0.281361371
-0.147451088
-0.269709915
-0.1539004
-0.221928582
-0.104833253
-0.304976821
-0.129305422
-0.323793173
-0.12340381
-0.299856573
-0.123171359
-0.334309727
-0.0944296
-0.3599034
0.008026596
-0.354232669
0.0126515878
-0.247557878
0.06906176
-0.296658784
0.009385803
-0.368685871
-0.0620607138
-0.246634915
0.0640284
-0.281515777
0.111758836
-0.241270527
0.05849042
-0.2989169
0.07897847
-0.311245263
0.0436084941
-0.2750082
0.115681708
-0.2727119
0.103696585
-0.298895031
0.0933883861
-0.305788577
0.04633994
-0.3995012
0.13992621
-0.299959958
0.0678258
-0.263711184
0.129611939
-0.260466725
0.148050383
-0.215143
0.09341718
-0.225271672
0.192875087
-0.205364257
0.176019236
-0.210034326
0.119662039
-0.2273248
0.133906335
-0.211389765
0.192798048
-0.174509212
0.185720623
-0.21844174
0.194995508
-0.186848462
0.261297
-0.195659339
0.130281612
-0.184059814
0.215052038
-0.1933128
0.197335526
-0.113691621
0.225036755
-0.14303042
0.112244286
-0.118618593
0.125706151
-0.0483103059
0.13952361
-0.118238084
0.192210868
-0.166149139
0.143640891
-0.15465486
0.0689826757
-0.16855377
0.2004265
-0.1685764
0.129221544
-0.158911511
0.196698934
-0.0407142974
0.200102672
-0.08676924
0.223658815
-0.125969335
0.183689579
-0.06912509
0.204446137
-0.0414092951
0.2123419
-0.128422782
0.161475509
-0.08408016
0.160839364
-0.0612607151
0.173108146
-0.0483488366
0.1688917
-0.0224507134
0.174764514
-0.0508834831
0.214682549
-0.0228876453
0.1262531
-0.0736346841
0.197099909
-0.06391795
0.160678729
-0.0165835228
0.2068611
0.0423551165
0.14497377
-0.0683290139
0.1426593
-0.05383252
0.137345776
-0.0503745079
0.173348144
-0.0137954606
0.151341662
0.0157099813
0.08193452
-0.0160416551
0.181475043
0.00255298917
0.114399269
-0.02706712
0.162727758
0.0173901282
0.0377069823
-0.00309446314
0.141801208
0.0320739336
0.11909201
0.03211806
0.07406914
0.0273515824
0.119558774
0.0163332
0.11909613
0.00215709256
0.07037164
-0.0167686325
0.12099155
0.03538684
0.0402658
-0.009285146
0.0504660681
0.07423401
0.027064573
0.0509288162
0.0611019172
0.0134617724
0.09540094
0.05737279
0.0679939
0.031495735
0.03567738
0.008458496
0.09562419
-0.0441813655
0.07297967
0.00276831654
0.07984582
-0.0199843887
0.0586868636
0.0284030344
0.08403281
-0.0165551659
0.131908551
0.0333472267
0.049479574
0.016110098
0.00169305236
0.0381941125
0.04337173
0.00346704386
0.0297422428
-0.0251112562
0.0478699729
-0.0146714747
0.02922884
0.00726204459
0.0501814149
-0.01805888
0.069937326
0.0245980527
0.0557309464
-0.0352613665
0.0577367544
-0.00620662235
0.05898406
-0.0518821776
0.066323176
-0.008877238
0.07800475
0.0100575667
0.102846712
-0.0162563268
0.08824672
-0.0226522516
0.04529365
0.036120452
0.1115118
0.00676978752
0.13405101
-0.0135440128
0.104226612
0.0280466452
0.09293896
-0.004102613
0.07490365
0.0423032343
0.09994036
0.03309061
0.120542921
-0.004383
0.09009253
0.0461314023
0.110497817
0.0528167747
0.111149125
0.06323151
0.11116834
0.0762062445
0.12475051
0.102244362
0.110936984
0.0819988549
0.129513487
0.114792362
0.0824537054
0.08960613
0.0843915
0.04295349
0.08353123
0.111248411
0.05198748
0.09374236
0.06841011
0.06883948
0.06266693
0.07754543
0.0613182634
0.0905557051
0.0454488471
0.140551344
0.0492292233
0.132224441
0.0351596773
0.0790251642
0.07919044
0.072606504
0.0413438752
0.136821792
0.0626890361
0.09489891
0.07328021
0.09457305
0.0145900324
0.10002128
0.0309413448
0.04879474
-0.00285690231
0.05094249
0.01522975
0.0257689673
0.0526153669
0.0365881
-0.007559838
0.0201104078
-0.0102971969
0.0103296246
0.0371261425
0.05002258
0.09364705
0.0625597462
0.06625613
0.00298650283
0.0896066651
0.0113015892
0.000153014975
-0.022376582
0.05123655
0.0452958755
0.07141183
0.01597115
0.06801297
0.00755233364
0.105341054
0.0283199176
0.09456769
-0.0017564639
0.06041108
0.03582237
0.09821305
0.0148625
0.108683653
-0.0111997286
0.107079454
0.0220198315
0.08421411
0.0134066911
0.104099192
-0.0190332867
0.102644682
-0.0379112735
0.139194176
0.0251846649
0.168187082
-0.03774604
0.116147809
-0.0188694615
0.122840822
0.07168131
0.126937225
-0.0242740046
0.09910184
0.106718756
0.09873468
0.034066
0.129839316
0.009382367
0.173088744
0.00337149156
0.15673174
0.00631076237
0.08579367
0.07392721
0.105163977
0.0559362769
0.149746731
0.0007073533
0.169853076
0.0559416
0.155728877
0.0107304892
0.118087955
0.0390557125
0.08844088
0.0798530355
0.166875869
0.05071163
0.07792978
0.0389983058
0.07112909
0.0649152
0.09402473
0.06798208
0.154963732
0.07476144
0.06835694
0.0800845549
0.139350384
0.102804929
0.0644535944
0.08212254
0.08274359
0.08819004
0.0408204868
0.113583773
0.0661662742
0.101863056
0.08431635
0.108982429
0.100816451
0.105560467
0.0572900437
0.07676059
0.0779928
0.114244111
0.0281428862
0.07907154
0.0285134017
0.121768132
0.0738124
0.06314719
0.05337671
0.06692682
0.0594122745
0.0184100345
0.09510885
0.0866290554
0.0766221657
0.0101875952
0.102950722
0.0598976426
0.09889044
0.040203
0.09092886
0.04891831
0.05607224
0.08013198
0.0566237
0.0579954758
0.0831158161
0.07259708
0.08655061
0.04371138
0.0552352145
0.0394754261
0.115544081
0.0241249911
0.09012711
0.0490882769
0.08649532
0.0328215472
0.0606442876
0.06888143
0.102369763
0.0487232059
0.128145069
0.07640934
0.09510003
0.052999638
0.07998991
0.09515814
0.123894095
0.123662338
0.084730044
0.12781699
0.124699391
0.122929975
0.06641215
0.11560946
0.09021554
0.0938113853
0.06836619
0.08155683
0.0738868639
0.0880603045
0.1305463
0.09780454
0.09092773
0.120976426
0.07707112
0.1250043
0.06474496
0.08580978
0.08432842
0.09080523
0.0242902972
0.138393819
0.08176514
0.0976447761
0.0598411523
0.07957157
0.0785715654
0.141856924
0.09124823
0.07132474
0.111916274
0.09801097
0.09335934
0.117321223
0.076038
0.195578724
0.110371776
0.115992352
0.0585969761
0.1102813
0.06690989
0.0888257846
0.09447661
0.115570456
0.07233476
0.049637
0.0540736727
0.111447878
0.09937139
0.09523524
0.009239276
0.0236248635
0.06151855
0.09830741
0.01659858
0.09275857
0.119972967
0.105717555
0.03384557
0.07880008
0.0554110222
0.112904862
0.0176531523
0.0410773121
0.106774658
0.0122142229
0.05930282
0.01237251
0.062736854
0.004646325
0.07335607
0.0343301445
0.135939687
0.0682211
0.139695078
0.04507069
0.09935902
0.05915792
0.117875107
0.0431352332
0.146807954
0.00486155553
0.1290035
0.0822219551
0.122965023
0.136295021
0.0755394846
0.0614700764
0.161565185
0.08920655
0.16313687
0.0616858639
0.143016011
0.1166633
0.1466195
0.13986741
0.1463107
0.152229056
0.09505269
0.177827939
0.10718973
0.141546682
0.144100517
0.14604485
0.105013646
0.159078389
0.141421661
0.231777132
0.183195174
0.241829425
0.124678746
0.206182882
0.114401996
0.2526492
0.109976068
0.239979222
0.08425922
0.208991975
0.123288877
0.272109628
0.08097391
0.249943838
0.08015498
0.262585759
0.06836139
0.237881511
0.09062629
0.278912246
0.112220563
0.274777561
0.0433868021
0.2541756
0.06053536
0.251684368
0.08936613
0.2299717
0.0301276874
0.19679907
0.05111011
0.164015442
0.03247328
0.215460777
0.08041413
0.181123778
0.05059402
0.23729749
0.0397716835
0.136711121
0.04927905
0.201800764
0.0962628052
0.203611329
0.08576097
0.196418524
0.0397310667
0.2048386
0.0718091652
0.18960841
0.07927669
0.312431157
0.06551
0.249570355
0.112293974
0.23584123
0.0494501963
0.2028143
0.05699071
0.233868435
0.08275184
0.182678849
0.110259414
0.232226789
0.0954758
0.260772824
0.08366087
0.227613583
0.08865847
0.225415662
0.115521505
0.275056422
0.07956287
0.292780042
0.05033364
0.275774449
0.08479496
0.296491563
0.127899453
0.259668976
0.0428803638
0.308698744
0.1398364
0.2426093
0.0315831453
0.292563349
0.06423355
0.328647256
0.042434264
0.2630775
0.0134989191
0.3488074
0.0571963154
0.337452471
0.0549577735
0.340929538
0.00282892166
0.3564658
0.0103886127
0.341603965
0.00688182842
0.3667131
-0.0002580453
0.378661066
-0.0185669959
0.332505524
-0.0252942275
0.343356669
-0.0240001231
0.356116146
-0.0221839063
0.309713274
-0.06604297
0.323515922
-0.0794131458
0.2961896
-0.0396399051
0.295203418
-0.0966277644
0.3559936
-0.112197012
0.350292
-0.03789256
0.307861447
-0.135991812
0.318280637
-0.166362241
0.306227744
-0.141870841
0.328046352
-0.148321122
0.299249947
-0.162604541
0.297139078
-0.152915612
0.3021023
-0.1327551
0.288578719
-0.14678584
0.2862697
-0.170269743
0.230329543
-0.14556089
0.216513723
-0.169008031
0.250000775
-0.185128435
0.22502178
-0.16295445
0.223055556
-0.188718781
0.192675591
-0.141844124
0.239521608
-0.163163051
0.225643426
-0.124599189
0.262925863
-0.181675971
0.232367262
-0.115273647
0.203534111
-0.121234275
0.18334423
-0.1102757
0.2452338
-0.1247503
0.212462991
-0.1325146
0.2193651
-0.149570227
0.177941516
-0.14888151
0.190496445
-0.170395091
0.173851714
-0.145861119
0.1444929
-0.175040066
0.152577966
-0.1384535
0.13112396
-0.1374536
0.18318814
-0.173991457
0.1358383
-0.124945514
0.14211522
-0.116664477
0.157896832
-0.1682538
0.121136487
-0.141829908
0.168007925
-0.0877238438
0.120334856
-0.104474686
0.166606814
-0.116265789
0.111679941
-0.127812579
0.132306859
-0.110364646
0.11695227
-0.08769166
0.162416667
-0.08983285
0.106716387
-0.12110956
0.07897327
-0.163299039
0.105259433
-0.084960334
0.08891022
-0.113565251
0.07633974
-0.104465067
0.106294841
-0.10385257
0.09038575
-0.119580925
0.07387839
-0.105788
0.0848135
-0.0870269
0.0536000952
-0.0776891038
0.100416489
-0.07246531
0.07629879
-0.0896341056
0.0699106455
-0.07644421
0.0571591221
-0.06250897
0.0258507244
-0.0484651141
0.0376249962
-0.008018985
0.08005411
-0.0203353949
0.04218448
-0.03780831
0.05105967
-0.01689063
0.07832576
-0.005341378
0.0767666
-0.01183971
0.07134141
0.0202898439
0.0639939
0.0145017318
0.0946122855
0.01837151
0.11105831
0.0410384871
0.0734409541
0.0126504116
0.08895562
-0.019718755
0.0926295
0.033816576
0.115173958
0.0341228172
0.118545741
0.0105584757
0.154354677
0.0211246572
0.138191566
0.00219953549
0.12652202
-0.021573415
0.12311358
0.0144652007
0.136138111
0.00184337725
0.135895148
-0.0246181488
0.140332237
-0.02671781
0.126961932
-0.0127830189
0.109322347
-0.00553868432
0.142028421
0.006416196
0.17053555
-0.001099344
0.1478563
-0.0210291073
0.2044314
-0.0174630266
0.2037632
-0.01754142
0.175896868
0.00123758288
0.19270958
-0.022440115
0.21974498
-0.0285242815
0.1968635
-0.0309862867
0.196362332
0.005817637
0.167732209
-0.0141734825
0.194073156
0.000462649128
0.206939027
-0.0435403734
0.19713369
-0.00267571234
0.251878
0.0003725901
0.217715263
-0.00953485351
0.20282194
0.0151828444
0.217052728
-0.018717913
0.207792789
-0.0247586779
0.215282768
0.021282874
0.192214116
-0.0389292762
0.2101065
-0.0134960227
0.210045829
-0.0352850035
0.186499164
-0.03092767
0.23717384
-0.07311872
0.21682249
-0.04950954
0.189473078
-0.0702992454
0.227128357
-0.0747801
0.206425428
-0.0819704756
0.171564043
-0.09677056
0.19557263
-0.100830473
0.18102394
-0.137712136
0.2074891
-0.08376852
0.201828554
-0.0977393
0.124128282
-0.09674112
0.138420641
-0.136020318
0.151872888
-0.102135442
0.134056553
-0.09371297
0.129832149
-0.07936566
0.13195245
-0.082785964
0.08512832
-0.0854426846
0.109975614
-0.12870568
0.09352343
-0.09699774
0.107720487
-0.0972543657
0.073267594
-0.0901024044
0.111801982
-0.110686384
0.09216668
-0.0808662
0.07990193
-0.0991619155
0.112676151
-0.105348393
0.07371584
-0.0842051655
0.0503925942
-0.100148551
0.110191546
-0.08501882
0.054159008
-0.104856342
0.09100995
-0.1206097
0.113210246
-0.09177289
0.0911306
-0.07086721
0.06425176
-0.09974659
0.116664238
-0.07849072
0.113472193
-0.112000681
0.111223891
-0.09355728
0.111978918
-0.107109331
0.0879943147
-0.09470785
0.08867744
-0.09474473
0.10332182
-0.112625696
0.105434
-0.09241419
0.09396951
-0.0768219456
0.08691928
-0.102516018
0.100214995
-0.06908284
0.07436954
-0.09899492
0.106237233
-0.0443266481
0.07950257
-0.1209594
0.137406036
-0.06673942
0.09985123
-0.06252935
0.0808424056
-0.06150819
0.09357954
-0.1071732
0.110196173
-0.0587530173
0.106104448
-0.0860955641
0.0974438
-0.09419757
0.08984437
-0.09719338
0.107632384
-0.09432701
0.09247989
-0.0969944
0.112742163
-0.0778084
0.0364227258
-0.0717283338
0.09550915
-0.07257999
0.08242224
-0.08429905
0.06706566
-0.0932248458
0.07038071
-0.09875058
0.059264034
-0.08260802
0.05316999
-0.09070453
0.0674698
-0.099915646
0.0945320353
-0.113614358
0.0832287148
-0.112097964
0.04727009
-0.08641661
0.0583676249
-0.09566529
0.07221137
-0.106852412
0.06980837
-0.07648114
0.0555971749
-0.110504545
0.04146506
-0.0815865546
-0.00618863432
-0.100240886
0.0313481279
-0.114487991
-0.02912342
-0.09958805
-0.0271075889
-0.09853413
-0.0184633527
-0.0493881255
-0.0487991348
-0.07383859
-0.03372492
-0.0288330577
-0.0154003818
-0.0615270436
-0.0583802871
-0.06042464
-0.04101415
-0.018892996
-0.0200914964
-0.0454797633
-0.02372632
-0.0303593054
-0.009287268
-0.0197419841
-0.0277441349
-0.03109054
-0.05139019
-0.0113641452
-0.04556106
-0.03892819
-0.0340460725
-0.0173482876
-0.0269808639
0.00717618037
-0.007312302
-0.031244209
-0.0123861218
-0.0308567341
-0.0294813123
-0.03299495
-0.0375378542
-0.0148347886
-0.02426478
-0.03957675
-0.04563437
-0.00535579352
-0.0291275345
-0.01061378
-0.0453827456
-0.02358771
-0.0360901244
-0.008228066
-0.00132749393
0.00543260155
-0.009249683
-0.0173476189
-0.022875905
0.009855499
-0.0090291705
0.0248384532
-0.024130905
0.0280086771
0.0143749332
0.00596978655
-0.009303767
-0.0012239042
-0.0174987018
0.0494988933
-0.0271032
0.009880869
0.0240465458
0.00353199313
0.04455515
0.00143720361
0.0322313
-0.00338780088
0.00240102457
0.0338617153
0.025941886
0.0406582281
-0.0109191928
0.03202122
-0.005626165
0.0195227079
0.010443503
0.0205477
-0.0287657473
0.0219282825
-0.0529852323
0.02473488
-0.0274950564
0.00503766956
0.0120922625
0.02554264
0.0227336437
-0.0257709473
-0.0196776539
0.00336551364
-0.02957992
0.0258571487
-0.007921566
0.0125763668
0.02197325
-0.0129370373
-0.008840402
0.03763108
-0.0252390131
0.000333727541
-0.02762051
-0.0252945125
-0.0495032668
0.0245299544
0.0204082262
-0.0484363548
-0.04163628
0.00375572941
-0.0374608859
-0.01982218
0.00215199939
0.00595056871
-0.02198838
-0.043894317
-0.046244517
-0.0014662944
0.00370654021
-0.0589540377
-0.02653087
-0.0391547531
-0.02214247
-0.0541469827
-0.03320226
-0.03868069
-0.0502968244
-0.0366915129
-0.0292634424
-0.0212550312
-0.0322358273
-0.0277943779
-0.04026022
0.026954636
-0.05278048
0.0865720659
-0.0619423948
-0.0258892663
-0.0377978645
0.0627396554
-0.029574303
0.0222254675
-0.07018425
0.0624497235
-0.0165166277
0.09645488
-0.0294594355
0.0736453161
-0.0102537954
0.110317081
0.005806527
0.06806332
-0.006688026
0.05083452
-0.00575896353
0.08722345
0.0360448
0.102039926
0.02825302
0.0539343581
0.0828755349
0.09317827
0.0463999771
0.102005206
0.0251445156
0.0623760559
0.08964616
0.0337734148
0.044663664
0.0206675883
0.07030011
0.0559917353
0.0601163469
0.0346761
0.02271111
0.0493302941
0.00734167825
0.0227599535
0.06193005
0.03495564
0.02852374
0.02673994
0.00208811183
0.08792369
-0.0213297233
0.04295532
-0.06847617
0.0634034052
-1.216916E-05
0.07408022
-0.01064345
0.0491605625
0.003155117
0.0964942351
-0.03591526
0.07837994
-0.03813967
0.0694089457
0.0287842453
0.07710731
-0.0231643934
0.09363213
-0.0234296229
0.11934948
7.578976E-05
0.08812626
-0.0137100928
0.111346193
-0.00208756234
0.134031639
-0.008168507
0.107320838
0.00348485727
0.100539155
0.0107662119
0.08981092
0.0366250873
0.116156012
0.0609222353
0.1225186
0.0314135551
0.114159256
0.049522046
0.09007064
0.04005027
0.117854014
0.0508790538
0.109664313
0.0618791841
0.0701138
0.0740166456
0.102789313
0.06985299
0.04267667
0.05071987
0.00539859338
0.09218594
0.02198837
0.0360162668
0.0151793957
0.055564288
0.0368685648
0.08121382
0.0182881
0.0183976851
-0.0276424922
0.0692043
0.008740121
0.0292170625
-0.0280646924
0.0664439
-0.0022113123
0.04830455
0.0397857651
0.0226529613
0.008057131
0.0368832462
-0.0246703941
0.06402012
0.03226812
0.04695329
-0.0009359095
0.002113065
0.0219717342
0.02225205
0.06491035
0.057312984
0.0431628339
-0.0298342928
0.0293038152
0.03622112
0.0417169444
0.0230721049
0.0507961623
-0.0235490687
0.07370789
0.0193413477
0.06992088
0.04694033
0.06696787
-0.0251503289
0.07542126
0.04786916
0.08731726
-0.01602301
0.0897981152
0.0556061119
0.07925526
0.0290852282
0.0777061656
0.0429471843
0.109763138
0.033405643
0.08466201
0.0142113063
0.047617346
0.0009942375
0.08137233
0.020875141
0.05024281
0.07842361
0.07767841
0.03304436
0.0283267722
0.0370250158
0.084311
0.0537086651
0.0943915844
0.0558354445
0.08016797
0.0240723509
0.09054348
0.0455895029
0.0961578041
0.0621147826
0.05854415
0.0455301553
0.09080136
0.04644521
0.0493074246
0.03073428
0.08711207
0.0401843227
0.06935208
0.0519611165
0.06689193
0.0485020354
0.09758274
0.066509515
0.08749976
0.0399247743
0.08940415
0.04813932
0.130272627
0.0700600743
0.124369651
-0.008574015
0.110798426
0.019971028
0.11991334
0.06346389
0.10937164
0.05682416
0.124790214
0.07199416
0.11882557
0.09234464
0.1366312
0.12517409
0.120911546
0.0908810943
0.107895635
0.131668687
0.100661375
0.079734996
0.111766651
0.10275992
0.058757402
0.09294005
0.0776042
0.107682519
0.07804439
0.144871473
0.0608555079
0.112821884
0.06389659
0.09582818
0.08391494
0.124129631
0.0607264228
0.104130939
0.0535712168
0.138447776
0.0287761465
0.0836945251
0.02877332
0.12569797
0.0546629243
0.100297004
0.07671197
0.09008794
0.0246835183
0.147781983
0.05089484
0.09745563
0.06570106
0.110261679
0.00148896221
0.10504099
0.0470649227
0.125359848
0.0910381
0.08839467
0.0355302244
0.123247296
0.08373034
0.146803871
0.04944505
0.122923434
0.06744767
0.136522546
0.03777206
0.13768141
0.0417612381
0.106823243
0.0481995456
0.142707154
0.0523324646
0.133306041
0.04392666
0.134462386
0.00825376
0.122052342
0.0105902581
0.126278922
0.0329168066
0.126561388
0.0137640722
0.133951932
0.02064465
0.119723618
0.01739985
0.09113204
0.005285574
0.103868708
-0.008273304
0.09639852
0.00199369178
0.0979280248
-0.0252953023
0.133075863
-0.00114106352
0.0562877581
-0.008482683
0.0655705854
-0.008014975
0.0957086459
0.016728526
0.093423605
-0.03700198
0.0770256445
-0.01874255
0.07681975
0.03499891
0.0740639046
-0.0180254467
0.101335131
-0.0299159065
0.0836755857
0.0001249641
0.0676424652
-0.002232626
0.04937956
-0.0152859595
0.110229023
-0.0529046357
0.0801257342
-0.0494137071
0.0467551723
-0.03251845
0.0400529876
-0.03172397
0.08886279
-0.06123511
0.101206779
-0.03502549
0.0314506553
-0.0415848121
0.04980189
-0.0505447052
0.0666209
-0.06033447
0.07232637
-0.04144199
0.05054253
-0.026387535
0.0219817776
-0.00875921547
0.0352434032
-0.0248950087
0.010909724
-0.0137626585
0.0253853984
-0.0521718
0.04361839
-0.0222698953
0.0464808345
-0.00385012967
0.01605359
-0.0255951043
0.00330612715
-0.000397522148
0.0005867316
-0.0166955981
0.00239084731
0.000791146362
0.003108316
-0.0261358488
-0.0302117243
-0.0364292823
-0.00269177533
-0.009400038
-0.04907362
0.05737275
0.0171194561
0.027340332
-0.0204354413
0.0209128466
-0.030590862
0.02358756
-0.0357311778
0.06385188
-0.02560797
0.0198238082
-0.0135350311
0.0358652249
0.015142777
0.0178482085
0.00689291442
0.0500676036
-0.0310612433
0.0225571357
-0.01850317
0.023046039
0.00697054155
-0.0120554958
-0.03120449
0.06223402
0.00208632438
0.0401840769
-0.00170918531
0.0725637451
-0.0003450123
0.05720235
-0.0202847142
0.0692668259
-0.0348471664
0.07339398
-0.0308803134
0.06137975
-0.021731602
0.0958002657
0.0210373923
0.07660749
-0.0272021051
0.08633865
-0.001019937
0.0901576
-0.00497220969
0.07513099
-0.00226905569
0.07353154
0.0295300242
0.08674332
0.01872521
0.0903071
0.0166640468
0.121155635
-0.00373257021
0.091861
0.04119028
0.0424072668
0.0105694532
0.06468212
-0.0127979005
0.06792037
0.01777185
0.06744093
0.05063298
0.0907444954
0.0239994656
0.0759635642
0.0533179566
0.101173371
0.026011657
0.0825384
0.0755415
0.054974772
0.0497002639
0.0494932272
0.09257808
0.1140543
0.0671305954
0.06042524
0.07770427
0.0883041
0.0433268361
0.102467254
0.09145911
0.0928658545
0.04285475
0.06099426
0.0550875328
0.0430980138
0.11255753
0.0770189539
0.10582111
0.07102084
0.0550207719
0.0854720548
0.07046286
0.102863245
0.06999509
0.0764253661
0.0960907862
0.08984044
0.06719689
0.0394703224
0.07099303
0.07292417
0.0908509344
0.100655131
0.108465433
0.0751325339
0.126018211
0.072013326
0.130531326
0.07786492
0.0964592844
0.007136949
0.133466527
0.02371669
0.126807183
0.0391947441
0.0829058662
0.03770659
0.135411024
0.0155061316
0.107911594
0.0619423427
0.114832185
0.0426048934
0.129053041
0.0280453283
0.118547626
0.06086925
0.115261376
0.0175354816
0.0882734
0.00402357057
0.0844218358
-0.0155844018
0.0697544
-0.0241174083
0.13569586
0.008700967
0.101498827
-0.0107072266
0.07461956
0.011327805
0.06856036
0.00484326575
0.07524215
0.00199571368
0.06809946
0.004069513
0.07705973
-0.0217691
0.08238307
-0.00724423351
0.09018407
-0.0450354479
0.0409269445
0.008842294
0.07296193
-0.0308774672
0.0355202928
-0.0446839854
0.05673971
-0.0365773141
0.05809615
-0.0138908206
0.0451511145
0.0107102264
-0.00163285946
-0.01900176
0.0169387888
-0.03496968
0.008119761
-0.00266336324
