-0.00981385447
-0.0302617364
-0.0398148261
-0.04275989
-0.00737569062
-0.05083775
-0.05812395
-0.0326972976
-0.013980832
-0.05614984
-0.031016482
-0.0703084245
-0.1127024
-0.03768226
0.0241928864
-0.0118414117
-0.00343142939
-0.05227654
-0.0381469727
-0.01632864
-0.06652434
-0.0168945
-0.08647621
-0.0178275537
-0.079800576
-0.00365507533
-0.06932065
-0.05796775
-0.0554117337
-0.01603285
-0.135938779
-0.0324949473
-0.0638669357
-0.0398135558
-0.04325762
-0.0287333671
-0.09364192
-0.0422129072
-0.0504371561
0.00365093281
-0.0794342756
-0.0396998823
-0.100601748
-0.01672699
-0.05149557
-0.05111563
-0.05065517
0.0135671254
-0.0687927455
-0.01214567
-0.07636439
-0.08038244
-0.132488772
-0.0174728185
-0.06904033
0.0369098149
-0.0666612759
-0.0494741574
-0.11150457
0.011058107
-0.09374212
0.003241688
-0.133134454
-0.0188583378
-0.07774624
0.0192624722
-0.06410462
-0.045163732
-0.06137139
-0.0428474955
-0.131278843
0.000583603
-0.124510437
-0.027515864
-0.0769085661
-0.0254716109
-0.0585920177
-0.01577345
-0.0646635443
-0.0136631913
-0.0409348644
-0.000215046748
-0.0810020939
0.0246296544
-0.108865388
-0.001009414
-0.11392384
0.04942141
-0.0557582229
-0.0211451109
-0.02942178
-0.017895529
-0.0224944688
-0.0613037273
-0.02974488
-0.05602435
-0.06644694
-0.0270853937
-0.05443508
-0.0568242222
0.00384797086
-0.0211139917
-0.06589188
-0.03830181
-0.03339482
-0.0267101675
-0.06356703
-0.0139757544
-0.09606966
-0.00436043553
-0.105200835
-0.0361260436
-0.0637779459
-0.0390292145
-0.0968318358
0.009742567
-0.09519717
-0.00749864848
-0.07498925
-0.0478383377
-0.11572551
-0.021608185
-0.105780341
-0.0177185163
-0.127387017
0.00288811466
-0.064181596
0.002848246
-0.118111566
-0.0016107863
-0.09068762
-0.0171414819
-0.1252682
0.03571924
-0.134910926
-0.0215061065
-0.105299406
0.03503298
-0.115863308
0.00285944832
-0.125760168
0.0478090942
-0.124396458
0.0216519069
-0.09677327
0.0267951768
-0.0938418657
0.05622894
-0.116490185
0.0197163671
-0.140067771
0.06788771
-0.11771524
0.068388924
-0.08890382
0.09193252
-0.0245862044
0.047896836
-0.106079884
0.08491821
-0.0719596148
0.0527694225
-0.07606609
0.0368617624
-0.118265241
0.0569403358
-0.0756210238
0.07759223
-0.0847863257
0.06596253
-0.05218402
0.0419766344
-0.08603679
0.03811083
-0.081314154
0.0787885338
-0.0604148619
0.06765669
-0.0493502878
0.07277514
-0.08561829
0.0469809473
-0.05960772
0.100821845
-0.0737777948
0.000279329
-0.06042191
0.0605500452
-0.09066051
0.0264394619
-0.0718722939
0.0201964751
-0.0393120125
-0.00386672653
-0.134870455
0.04527811
-0.0397234224
0.0596168973
-0.08626628
0.0242083073
-0.065892376
0.100009151
-0.09580194
0.00245772419
-0.06889361
0.0374189541
-0.08392838
0.0526860133
-0.0614535548
0.06498193
-0.06991466
0.08784846
-0.0408862568
0.096365504
-0.06273564
0.0637752339
-0.09220245
0.09363012
-0.08255559
0.06366452
-0.0840307251
0.0661279
-0.009160554
0.06317141
-0.0215440374
0.06612983
-0.09443431
0.07542167
-0.0368880481
0.08062583
-0.04612182
0.07508451
-0.00446772575
0.06372776
-0.0264706146
0.092834264
-0.061302375
0.113744386
0.004603515
0.0431573
0.0294535831
0.0777391642
0.00304558012
0.0811800659
-0.0364343151
0.0442938767
-0.03169956
0.0547940023
-0.0231846422
0.0354032256
-0.0332309566
0.0932620838
-0.07822028
0.0475447662
-0.0703331754
0.00488526653
-0.01501306
0.09247011
-0.0130413482
0.03582887
-0.0377120338
0.0208445471
-0.057687778
0.04470002
-0.01302964
0.051026687
-0.0508646779
0.06604081
-0.0418929048
0.0250376239
-0.0482471
0.0582438335
-0.0248806272
0.0893599
-0.0123269446
0.05830867
-0.0270934831
0.0383397266
-0.0312222876
0.0581591539
-0.0388904139
0.0231498927
-0.07278181
0.0006765613
-0.03924239
0.03420247
-0.0433343276
0.0225319676
-0.05579289
0.00925743952
-0.0424592644
0.0234728158
-0.04436604
0.0172336157
-0.0619330071
0.0400107168
-0.07099996
-0.0165258627
-0.06678072
-0.0125137791
-0.0268619452
0.0318754762
-0.0953604355
0.061074432
-0.0662950352
0.0105230277
-0.08531553
-0.007145459
-0.046910435
0.0558677576
-0.0739683062
0.02222784
-0.0741963759
0.05831564
-0.0778119043
0.0179046281
-0.0841231644
0.00534225861
-0.0459918231
0.02593721
-0.0545198731
0.0475771576
-0.0985396057
0.06295947
-0.07007079
0.01507269
-0.0545252748
0.0321790837
-0.0692349151
0.06686536
-0.07863984
0.0592860952
-0.0338344648
0.03744502
-0.0531513877
0.06421169
-0.06687427
0.07528447
-0.0322354361
0.03941656
-0.07493022
0.04004546
-0.0195993762
0.07874582
-0.04036211
0.0736067742
-0.0352374129
0.09431188
-0.006182062
0.0553607
-0.02607311
0.0233390033
-0.06065868
0.0482562259
-0.0123543506
0.05987281
-0.0197853744
0.029064415
-0.0239072945
0.0910074338
-0.0164133571
0.06761011
-0.0342050642
0.0595200546
0.0133866426
0.0610726662
0.0223163683
0.0246937256
-0.00466409372
0.0267226752
-0.009812085
0.05881355
0.01399975
0.0690625757
0.012150432
0.06108957
-0.00507809361
0.0462366343
0.00413534557
0.0696032643
-0.0106481919
0.0493212044
-0.0283208527
0.005728653
-0.0405873433
0.0067707994
-0.0120408647
-0.006687674
0.0125860842
0.00407229876
-0.00438397
0.029932145
0.005545038
0.0211333968
-0.005199183
0.0167431831
0.0216840357
0.0146927955
0.01727482
0.01371833
-7.353278E-05
-0.0249506738
-0.00268060761
-0.0198249463
-0.0218865387
-0.0006753022
0.0127930585
-0.0166435316
-0.0328578725
-0.0189635977
-0.0273125153
-0.0108252605
-0.0136275245
-0.0223381855
-0.0613727123
-0.0363902822
-0.0300422143
0.0133391386
-0.0211365446
-0.03420908
-0.053080108
-0.02808883
-0.02238515
-0.0195603818
-0.0495357141
0.000655025768
-0.0261231624
0.0138947526
-0.08146366
-0.012397903
-0.0154299717
0.0164764766
-0.01479051
-0.007237077
-0.0277411249
0.024809327
-0.0687557757
-0.02052613
-0.0496449433
0.0009675779
-0.04989393
-0.0147371143
-0.104016416
-0.00546002
-0.0293573625
-0.0400947519
-0.07675364
-0.0155428983
-0.08209936
-0.0255664121
-0.0258456245
-0.0290922821
-0.06866851
-0.00452511059
-0.0860951245
-0.006361917
-0.0469742678
-0.04522851
-0.07419176
0.0118244188
-0.0849287137
-0.0119482782
-0.102420837
-0.00179318851
-0.07032901
-0.0189516786
-0.07339289
-0.00170302228
-0.07751437
0.0101960134
-0.09528762
0.0405632071
-0.07370425
-0.028065173
-0.117128961
0.02192732
-0.1096539
0.006618986
-0.07287355
-0.0037782474
-0.08411578
0.008116037
-0.05748219
0.0374528952
-0.0537111051
0.0124411546
-0.08448912
0.00453947531
-0.133481324
0.0169496238
-0.107666858
0.0456420965
-0.104044832
0.0557917
-0.07090954
0.0821175948
-0.09210589
0.06942575
-0.104456894
0.04707526
-0.1067156
0.0523421168
-0.07941155
0.0806965455
-0.0591884479
0.0585534945
-0.08890129
0.05972681
-0.104648761
0.0477193147
-0.09867591
0.08555656
-0.06553336
0.0564166233
-0.08446481
0.09695169
-0.0709876344
0.08237239
-0.0625741258
0.0971834
-0.08463439
0.09681597
-0.116026551
0.0491390564
-0.0323475264
0.0934451148
-0.05120221
0.09305416
-0.08610133
0.0992585
-0.08618192
0.11876791
-0.0425998345
0.07619718
-0.06178736
0.0767731443
-0.0593195371
0.08184733
-0.0203957036
0.09194016
-0.0126197105
0.116560869
-0.0450401455
0.09115627
-0.0440508239
0.05320274
-0.00440641539
0.07312424
-0.0819436461
0.08371056
-0.024160957
0.0610965453
-0.0559194237
0.0405894779
-0.0606574379
0.031171158
-0.0867242962
0.04371841
-0.05320866
0.04118687
-0.0599292964
0.07301621
-0.06416729
0.08225751
-0.06141609
0.05037923
-0.0911058
0.0556084923
-0.0609275922
0.0876038745
-0.0422188751
0.03806722
-0.08469862
0.061797902
-0.0487144664
0.07203614
-0.0945905447
0.08050634
-0.02194398
0.08879639
-0.018352678
0.07025342
-0.05113721
0.0832178
-0.0409188531
0.0619977
-0.03637821
0.06369687
-0.0302692279
0.0517917462
-0.0540140457
0.04174273
-0.0375995934
0.110971034
-0.0006639255
0.0459118225
-0.028436048
0.08053763
-0.05955986
0.0817587748
-0.0111341914
0.0323876441
0.006053058
0.08073665
0.0150335329
0.05237604
0.007465698
0.07394035
-0.0569035
0.073176384
0.007960455
0.0127112828
-0.0261093322
0.0335117951
-0.0346622281
0.06312173
-0.0115612
0.0182902012
-0.00405058637
0.05331566
-0.0250277612
0.0560161844
-0.008170996
0.0594563372
-0.03292704
0.0583744831
-0.05724808
0.0337810554
-0.031041706
0.0575416349
-0.04119092
0.0300542191
-0.0155696841
0.0542947464
-0.05257766
0.056318365
-0.04542309
0.0229044482
-0.008317029
0.07233934
-0.06811891
0.0472685955
-0.0123237567
0.104237981
0.00185799238
0.08653543
-0.02210703
0.08387516
-0.0270302184
0.09017265
-0.0332941152
0.07403061
-0.03541934
0.08728387
-0.0129406042
0.08596524
-0.0115205646
0.0414049849
-0.019297624
0.0508751459
0.002935961
0.0920341462
-0.026770426
0.06537876
-0.008068564
0.08395345
-0.0373546369
0.070277676
-0.0235059075
0.0687335
0.0046250294
0.0528276265
-0.008742273
0.05829302
-0.0138439722
0.0226030927
-0.043613255
0.06331702
-0.009935517
0.05703906
-0.0374761373
0.0545762
-0.008516405
-0.00774714863
-0.0176628269
0.02660715
-0.0283646341
0.0232018922
-0.008365329
0.0528605655
-0.0297753643
0.0261969417
-0.01169646
0.0556869134
-0.0350538753
0.037280295
-0.0114737907
0.0587223023
-0.03793683
0.0193474684
-0.0197148118
0.04361212
-0.0257401727
0.0294219609
-0.008872568
0.07093859
-0.03679176
0.0274749342
-0.03390649
0.0578478724
-0.0292845163
0.0197946634
-0.0100961039
0.0458436571
-0.0152584342
0.0490898974
-0.0221676175
0.08519636
-0.0104819415
0.0763702542
0.0131453667
0.03890121
0.0233556069
0.023177037
-0.02699175
0.03946044
0.000541391142
0.0171910487
0.023796279
0.07458584
0.0255158655
0.0372748263
-0.001169553
0.0138491988
0.008996909
0.0598410256
0.014413421
0.00684178947
0.0338699073
0.00237305462
-0.0120986467
0.0234027989
-0.0161456168
0.025789734
-0.00728374533
-0.00602896372
0.0008032118
0.0129481684
-0.009422528
-0.00189480674
-0.016501965
-0.006810617
-0.0281833187
-0.0008936959
-0.0583440736
-0.009032476
-0.03871144
0.0292284153
-0.03358923
-0.00368226576
-0.0165931527
-0.0155311106
-0.0130773764
0.01698248
-0.05285223
0.0210705921
-0.0326322652
0.0116908764
-0.0381858647
0.0396065749
-0.0372731835
-0.0343625657
-0.0581286661
0.04486627
-0.0188149549
0.009739844
-0.029476542
0.033741504
-0.03963855
0.0546813272
-0.06670084
0.0950245038
-0.0212634988
0.0262517035
-0.06541204
0.013234172
-0.0242699645
0.0389440954
-0.0224941019
0.0414458551
-0.0481177
0.037166588
-0.0677933544
0.06439353
-0.0172677357
0.06779663
-0.0420730263
0.070287
-0.0291678086
0.07117398
0.0272740219
0.0350144953
-0.0139157875
0.04678037
0.0144118052
0.00752744731
-0.0109650642
0.0377479531
0.0151104312
0.03541015
0.00777309062
0.020257514
0.0261693951
0.0125868749
-0.0316205919
0.0482206568
0.00573562458
0.0319657661
-0.0184533
0.0249829274
-0.00351804425
0.0482101627
0.0237827767
0.03279167
0.0372775681
0.06694011
0.07668158
0.0601669364
0.005422273
0.0625078
0.0204142481
0.06536313
0.0358105935
0.07074312
0.06950176
0.06574287
0.0565384664
0.07086298
0.05415212
0.09066288
0.0455122069
0.07444803
0.0549453534
0.09594453
0.0580516979
0.1057494
0.03461317
0.0920514539
0.0561460331
0.04357684
0.0772890449
0.1025257
0.07501353
0.110042378
0.0580964424
0.0362402834
0.112218715
0.09240166
0.143311754
0.08181337
0.0728454441
0.0477826223
0.143785328
0.04114671
0.134756759
0.0472849421
0.100774743
0.0589726
0.108062945
0.05631345
0.113160267
0.05050245
0.107639685
0.03168973
0.08157004
0.0164017156
0.132730082
0.0303978883
0.1813434
-0.00632197829
0.105887212
-0.0224325471
0.117806792
0.00433321
0.07118676
-0.0507023744
0.122977272
-0.03259538
0.07548321
-0.0214502979
0.0533855669
-0.07446851
0.06678327
-0.0269835051
0.06701857
-0.001877819
0.119307071
-0.04006584
0.0807143
-0.0572277457
0.0615322068
0.0174371749
0.0476911366
-0.0154269617
0.0521747321
-0.08532243
0.03769007
-0.0458433069
0.0479320474
-0.03370624
0.02916331
-0.01533415
0.0240414813
0.0265113655
-0.0128578246
-0.00318218768
0.0174003318
-0.06208802
0.07528973
-0.05275104
0.0367402546
-0.0234011058
0.0600848943
-0.0100396127
0.0208463427
-0.06443316
0.0422993228
-0.04835125
0.053213343
-0.0859756544
0.00962077
-0.04710986
0.000781228358
-0.04089864
-0.04293873
0.021034766
0.06464557
-0.0485795923
0.03998307
-0.0185846072
0.04169784
-0.028213229
0.00300690043
-0.04531912
-0.0232379716
-0.03076505
-0.00631093839
-0.0411694348
-0.000112967769
-0.06581178
0.0220567975
-0.0311514121
-0.0570299923
-0.0620821267
0.006084521
-0.0430601537
0.03216924
0.0163560435
0.0277021267
0.00374978478
-0.0115168132
-0.023257181
-0.0310170576
-0.0270251017
0.0139551237
0.0181230921
0.02663354
-0.0202768352
0.027991591
0.0150893526
0.06889349
-0.0101529825
0.06648199
-0.00457715942
0.0166685153
-0.0112413019
0.03674811
-0.00183757639
0.0667899
-0.03901712
0.0598198846
0.0370686464
0.04240692
0.0304400772
0.121308632
-0.0151017588
0.08843879
-0.03353575
0.09672694
0.0237225648
0.08934901
-0.0396263823
0.0560321063
0.0180235337
0.08396439
0.01821449
0.06717276
0.00569456862
0.0371794961
-0.0502253138
0.0420913659
-0.0191428531
0.067964755
-0.0140805244
0.09822221
-0.06022968
0.0245743245
-0.05938402
0.0920397937
-0.0362134
0.0716624856
-0.0119129354
0.06058404
-0.0512116775
0.0410988778
-0.06909272
0.0581421778
-0.062344294
0.0631884262
-0.09083329
0.04574928
-0.07491887
0.01380083
-0.08896059
0.0105899228
-0.09194391
0.0533249266
-0.07268613
0.00281226845
-0.08029643
0.038582664
-0.0936848149
0.0481637232
-0.0185963847
0.03848678
-0.0474932529
0.03896227
-0.0530524775
0.0177470874
-0.03927831
0.0340439081
0.006471273
0.0157320891
-0.0346873663
0.04342053
-0.004352047
0.01506825
-0.0306751467
0.0569259226
-0.0370909646
-0.02203573
-0.0207201932
0.0289868452
-0.0352533571
0.0808209553
-0.0670367
0.0693364143
-0.0239736773
0.0453409627
-0.0710617
0.0436859839
-0.0510692149
0.0124263261
-0.0667465553
0.008526374
-0.0800763741
0.0508595742
-0.0353762
0.09329749
-0.0743916854
0.0849966556
0.0218987837
0.0756075
-0.0612416081
0.05673422
-0.04608947
0.07814734
-0.0981472954
0.093463324
-0.0155999577
0.06438834
-0.09155187
0.0796786547
-0.0786323
0.09766912
-0.04246149
0.09690853
-0.04676841
0.0353102535
-0.05673338
0.0919218
-0.088319324
0.119942322
-0.068392314
0.1566684
-0.04726912
0.1233843
-0.07975614
0.02543875
-0.03654389
0.06524345
-0.0361935981
0.06192289
-0.115019828
0.08112642
-0.115673445
0.08083316
-0.0995168
0.08984652
-0.0275798216
0.08176142
-0.0836863
0.07407505
-0.00869491
0.135000467
-0.1266867
0.0454511866
-0.107868113
0.0411358438
-0.0707560852
0.0272977781
-0.06306103
0.09153909
-0.1558091
0.12694256
-0.0878048539
0.0969832242
-0.07216614
0.1104319
-0.115398079
0.09388422
-0.197413474
0.0287964437
-0.154988
0.0944901258
-0.140293226
0.06947999
-0.172079816
0.005603722
-0.199595615
0.0402587131
-0.09019858
0.0309920553
-0.09612098
-0.0361078419
-0.140100479
0.0254573934
-0.170774817
0.0126002
-0.193774045
-0.027060939
-0.219683021
-0.01298438
-0.178659469
0.0254625119
-0.227570161
0.0416034572
-0.161343008
-0.0295964
-0.1639093
-0.06291174
-0.303552061
-0.04489696
-0.235139027
0.0213914029
-0.352018267
-0.0455479659
-0.260554
-0.0400464125
-0.21253477
-0.026930714
-0.277667254
-0.0494117364
-0.278378248
0.02608329
-0.234067664
0.0117535749
-0.274065763
-0.06976239
-0.206040338
-0.0814775
-0.175437033
-0.137233391
-0.275447339
-0.1118906
-0.124843493
-0.007069288
-0.20127359
-0.126121223
-0.214327514
-0.09581266
-0.211395875
-0.178998768
-0.188442588
-0.131164983
-0.238281429
-0.110425808
-0.138581991
-0.22221826
-0.222092122
-0.144992068
-0.160982266
-0.08006341
-0.165862024
-0.174341992
-0.161526367
-0.1029241
-0.125299156
-0.09943801
-0.135503873
-0.198845565
-0.17430903
-0.08735082
-0.203625247
-0.172186643
-0.1601989
-0.170836672
-0.187867135
-0.184923783
-0.153449163
-0.163920075
-0.143709779
-0.125769481
-0.132499009
-0.224170744
-0.13842383
-0.12387798
-0.173796415
-0.113013275
-0.160581738
-0.210948288
-0.12777935
-0.1753948
-0.139321953
-0.144553915
-0.121928729
-0.173591286
0.000276725623
-0.144900337
0.0231264513
-0.148159683
-0.04698783
-0.240366355
-0.0944077447
-0.283150673
-0.038684316
-0.238889247
-0.0587442331
-0.297729582
0.00775979552
-0.229568273
0.0486667268
-0.077469416
0.009454719
-0.172892883
0.0113237891
-0.132089168
0.03604761
-0.140101433
0.09360265
-0.126393944
0.000379682926
-0.160827562
0.061315868
-0.09640488
0.0557722338
-0.136922538
0.00723015
-0.130777255
0.04961366
-0.135345608
0.1439975
-0.115536511
0.0960444137
-0.214046657
0.03258138
-0.08475111
0.09078105
-0.242971286
-0.0126571506
-0.09700364
0.105633646
-0.0325790942
0.0233596172
-0.0751550347
0.173736364
-0.117765367
0.162766322
-0.0631867349
0.165651515
-0.0286788139
-0.0474033765
-0.0395095125
0.0276862644
-0.0615665428
0.0573871173
0.05563921
0.03684008
-0.0614781454
0.105569638
-0.122406423
0.0348499864
0.000729320338
0.115647934
-0.05392021
0.11274007
-0.0519616641
0.109312154
-0.0177570265
0.0324893333
-0.0566251837
0.0178615376
-0.0242707115
0.13682723
-0.0831789747
0.039923653
-0.01820283
0.08454188
0.00472381525
0.06868988
0.12532863
0.07067363
0.052387435
0.07796945
0.07942408
0.05978331
-0.03917575
0.0485902131
-0.0454410277
0.07577006
0.0333632976
0.102065928
0.0314441957
0.01577492
0.07112465
0.128101528
0.0322664864
0.0665871054
0.0821856856
0.0679673254
0.08979237
0.0233671982
0.03941894
0.01948253
0.00598589564
-0.00622131769
0.0147472145
0.09405764
0.0466983356
0.0380235836
0.0301422011
0.0606761873
0.06747962
0.03193604
0.04976133
0.102567777
0.02756802
0.1706144
0.0703515038
0.104397573
0.03369268
0.0970736146
0.09215573
0.09899348
0.119431473
0.116136305
0.124106154
0.0228239428
0.0599452443
0.0265158247
0.0223281048
0.0222835429
0.0368698053
0.0107939234
0.07288645
-0.0274893586
0.09104336
-0.0300257187
0.152815744
-0.0521256179
0.0766307339
-0.02118187
0.111177258
-0.0251444336
0.124682322
-0.0115783084
0.124614976
0.05751751
0.038779065
-0.04584847
0.11669264
-0.05811619
0.0960763544
-0.0930773839
0.0514823161
-0.0568752326
0.05575425
-0.07000078
0.07310018
-0.0630282238
0.125892192
-0.0895647
0.05186507
-0.00232877862
0.08500096
-0.129646361
-0.00256788149
-0.09014959
0.0795256943
-0.07031529
0.05518284
-0.101735011
0.0310976245
-0.129696861
0.00179650669
-0.0760233253
-0.002912193
-0.0559642836
0.0485449731
-0.0271509588
0.07374189
0.0030562894
0.0400996767
-0.0276811942
0.0385256223
-0.0445598327
0.0057303207
0.0161738247
0.0395237654
0.0106973872
0.0705887452
-0.0465521477
0.0224104021
-0.06849228
0.07685335
-0.0253370665
0.1006434
-0.000408835069
0.078944
-0.07218583
0.101744547
0.039368134
0.09216095
0.0262558777
0.07521721
0.0157823823
0.156856492
0.00283973967
0.112575457
-0.009787762
0.128423139
-0.00525672454
0.1339735
-0.04558406
0.159279168
0.00289653731
0.127260968
-0.0310389
0.114735425
-0.06240795
0.0892905
-0.0386315733
0.106965572
-0.0655615851
0.161935627
-0.0410209969
0.1168481
-0.0744798
0.126407623
-0.00161481113
0.108200945
-0.05870546
0.145170018
-0.07000045
0.08497356
-0.0831518248
0.09577208
-0.0550394468
0.10846249
-0.0894881
0.141476825
-0.105971791
0.162979424
-0.0461527631
0.121214189
-0.04950428
0.101701573
-0.0245336685
0.07813785
-0.05869588
0.138439834
-0.100573495
0.127370551
-0.0333711058
0.06389562
-0.147930562
0.08951184
-0.09958356
0.07348883
-0.05975853
0.146319568
-0.09318757
0.113172062
-0.10244637
0.07168586
-0.110233076
0.09050614
-0.09588046
0.09115425
-0.09097677
0.0616724342
-0.116827406
0.06346839
-0.102890767
0.09353588
-0.136066258
0.116320476
-0.09027367
0.09046981
-0.082764864
-0.02344029
-0.111789227
0.08150503
-0.149762928
0.0424322039
-0.104418114
0.0692639
-0.1272378
0.06995643
-0.115122713
0.04865334
-0.1588601
0.103396766
-0.12783736
0.0222031977
-0.0583963878
0.0540424027
-0.168038666
0.112909332
-0.147485986
0.09314356
-0.135178953
0.0077549275
-0.144615531
0.06898663
-0.09404567
-0.00683992263
-0.176982045
-0.036269486
-0.147700354
0.04178365
-0.1592835
0.0368400924
-0.09563122
0.020835273
-0.103170641
-0.0255953912
-0.136662275
0.00410148
-0.09394379
-0.00616263133
-0.09557416
0.0311112963
-0.0460199527
-0.077139914
-0.13492094
0.01945219
-0.1276055
0.04972586
-0.05995942
-0.005478269
-0.07279891
-0.00556341745
-0.04224043
-0.0350979
-0.116144806
-0.00675022136
-0.0904340446
0.0318639949
-0.110487886
0.0704290047
-0.117664933
0.0323652774
-0.15547733
-0.017605532
-0.06297811
0.08938165
-0.07406517
0.07886415
-0.05483042
0.00222472567
-0.15883632
0.012661417
-0.155193269
-0.0222340133
-0.12891835
0.020108141
-0.05960934
0.0294933058
-0.157590777
0.00171655312
-0.106818676
-0.0502643622
-0.07229808
-0.06448985
-0.122092135
-0.109396726
-0.09144819
-0.0199785475
-0.082629554
-0.0113142068
-0.10995166
-0.0692493543
-0.09319457
-0.008769865
-0.144124344
-0.0464721769
-0.117920674
-0.007984367
-0.06857032
-0.05161471
-0.1376085
-0.0581726842
-0.121768437
-0.06875166
-0.122467361
-0.0555565022
-0.07956323
-0.0368790962
-0.06480108
-0.121120468
-0.009409203
-0.0614446178
-0.0171391275
-0.081233494
-0.06885431
0.00206620083
-0.0499184653
-0.0455321446
-0.04346082
-0.0440560021
-0.02186009
0.007271782
0.04543674
-0.0374461822
0.0515390746
-0.0320798345
-0.02653715
-0.0230580941
-0.0142092872
-0.0534787364
0.056728404
-0.0269983578
-0.06447015
0.004139913
-0.00304670725
0.0251657031
0.0392002165
0.0255865436
-0.0194559675
-0.0308489669
0.0308298972
-0.00813244
-0.0530880839
-0.0145208817
0.01595442
0.06761858
-0.07730416
-0.0179667883
-0.0330972038
0.0557131432
0.0155918533
0.0498517677
-0.0346559025
0.005543541
0.0160759352
-0.0287187565
0.00723325
0.0667074
-0.05536769
0.0133320112
-0.0242897663
0.04625241
-0.00563341426
0.0293590259
-0.0325358845
0.0169300642
0.00462780055
-0.00315305474
-0.08412578
-0.009109666
-0.096184805
0.03887312
-0.04531173
-0.00252675
-0.0514157861
-0.0272227339
0.0030158076
-0.0232123062
-0.057712473
-0.0378664471
-0.0813108757
0.07544759
-0.0736167952
-0.040639203
-0.06135251
-0.0249981675
-0.129139066
-0.03707767
-0.0550987571
-0.03763054
-0.127583385
-0.0511875451
0.00605520932
-0.0503903329
-0.111368246
-0.0300692935
-0.103369184
0.0133380136
-0.0947713852
-0.08313769
-0.08167674
0.00377345434
-0.04097396
0.0269704387
-0.09262702
-0.0249719322
0.00264048087
-0.00662386045
-0.05414267
-0.008428683
-0.0501703136
-0.06001462
0.0142751392
-0.0583632439
-0.07081808
-0.007746021
-0.04473838
-0.110495411
-0.0398532972
-0.0686565638
0.0144998059
-0.03291661
0.0121248458
-0.06229842
-0.01794027
-0.07319437
0.03678954
-0.105898924
0.0155850826
-0.0468560457
0.0101584438
-0.061946556
0.02638983
-0.07383922
0.0181691535
-0.01536673
0.0320953
-0.0116557721
0.008311587
-0.0449760519
0.009886889
0.018522935
-0.0758977458
-0.0473804437
0.00377838849
-0.00157572748
-0.057197582
-0.0250411779
0.006736358
-0.00283411657
-0.113845192
0.01700571
-0.02820146
-0.0950988159
-0.0589075536
0.04562094
-0.0006614345
-0.004373226
-0.0713057145
-0.0961691
-0.06997231
-0.01709654
-0.07058003
-0.04180602
-0.0546874478
-0.04615572
-0.0339986831
-0.07382961
0.0121201519
-0.0226153322
-0.04341796
-0.03969672
-0.06847149
-0.03145715
-0.114739329
-0.03944459
-0.0396151058
-0.030632386
-0.05153151
0.01921957
0.0480677038
-0.0306464173
-0.0296875369
-0.0663599446
-0.00681084953
-0.0130414022
0.022800494
0.00196352135
0.00249597174
-0.06532504
-0.0146103334
-0.0556012951
-0.07453234
-0.0159029383
-0.0317379162
-0.06782785
-0.01138092
-0.047830876
-0.0309153944
-0.0298881959
-0.0289335512
-0.045041848
0.00229562027
-0.09156749
0.00210857345
-0.009341513
0.048327364
-0.0158147532
-0.0146266287
-0.0605377778
-0.02059011
-0.0739003345
-0.0288542416
-0.09728918
-0.0138871539
-0.05360954
-0.0213055667
-0.0669498146
-0.0156696383
-0.0901596844
0.00651857
-0.110150188
-0.0108259795
-0.170868844
-0.0307697617
-0.06739564
0.0297673643
-0.136842057
0.007024226
-0.121684738
-0.0422122777
-0.125671208
0.0365631
-0.122019559
0.0410884544
-0.06621231
0.00356448418
-0.131011322
0.0338388644
-0.138482764
0.10640306
-0.09159352
0.0422118381
-0.07555074
0.0353246145
-0.106788896
0.0791308656
-0.06278325
0.102616258
-0.09898683
0.109119833
-0.114016548
0.0396699421
-0.08004723
0.1685377
-0.0289782621
0.107948668
-0.0171561725
0.1450261
-0.0572877
0.134572715
-0.0375029854
0.0745062754
-0.0616929233
0.143928573
-0.0518192649
0.135738924
-0.0332058519
0.126756385
-0.028793199
0.1451903
-0.0196859576
0.138830617
0.00150690589
0.123395287
0.006960264
0.144166678
-0.0221052729
0.156822711
-0.02253274
0.09410843
-0.00194733124
0.142171413
0.0323293731
0.144867226
0.027819993
0.109671287
0.0300853681
0.144756466
0.02471936
0.15322125
0.05683625
0.07484753
0.07481365
0.135985523
0.0411206223
0.117562793
0.0737266839
0.10695225
0.0629402
0.06118009
0.111812793
0.07630505
0.104705676
0.119847804
0.08187192
0.05307356
0.0605124943
0.08605987
0.064726904
0.06684901
0.107373081
0.0226832759
0.0384232737
0.0199764948
0.0452673547
-0.0142125459
0.05373689
-0.0672409758
0.0430341065
-0.0127225425
0.00619911
0.00554825645
0.04713905
0.0132504394
0.0249294583
-0.0109028574
0.0445835255
8.60074142E-05
0.07047001
0.0516584255
0.001814522
-0.0253187
0.0429057255
0.0075446954
0.01747758
0.03052118
0.0386302061
0.01041606
0.0235234015
-0.00653054845
0.0227832813
-0.00644478668
0.02581017
-0.0110839568
0.0119845048
-0.009423734
-0.005944778
-0.009685033
0.006334552
-0.0295763351
0.02085874
-0.00721816439
-0.0102259992
-0.0212645736
-0.000367529923
0.007682452
0.0243005343
-0.012722698
0.0126448348
-0.0333970562
0.03436814
-0.000268509844
0.01715128
0.0391150676
-0.02450277
-0.0297245719
0.003018391
-0.00340717868
-0.04961149
-0.0201090258
-0.0163541753
-0.00414954824
-0.02039361
-0.00152273139
0.0101628862
-0.020438794
-0.008011881
-0.0454261824
-0.0289134122
-0.0015810848
-0.03446131
-0.00364323729
-0.0105032865
0.00202338235
-0.03959243
-0.0110176429
-0.02887532
-0.023490645
-0.0302416161
-0.008798988
-0.0381057337
-0.006694355
-0.0497969426
0.007105163
-0.0405417345
-0.0213633385
-0.0687935948
-0.0353002958
-0.0274480321
-0.0419782735
-0.0622239336
-0.00931729
-0.027494695
0.0326100029
-0.0625970438
-0.0118361656
-0.0570179746
0.0310061928
-0.04020866
-0.0121190194
-0.0545010678
-0.0143449837
-0.0486219041
-0.009920979
-0.01900619
-0.007332878
-0.0540398546
0.010114084
-0.0570817776
0.00384135218
-0.01801068
0.0363124
-0.08819701
0.03309821
-0.0475421324
-0.004862844
-0.0255001225
0.0598503835
-0.04517382
0.0501527078
-0.0237399451
0.06418048
-0.02622777
0.03509144
-0.021579247
0.0418303534
-0.0412205867
0.07170782
-0.0777647346
0.0214589518
-0.0421308056
0.08077865
-0.0482639223
0.04875508
-0.0489943624
0.03628418
-0.0513827
0.04248128
-0.0455484539
0.06418263
-0.0122564109
0.0610159747
-0.0550375842
0.0540596843
-0.00251844968
0.0572066866
-0.0768808946
0.05050042
-0.02638402
0.03365384
-0.0279910434
0.05661661
-0.0325488225
0.06884416
-0.0253063515
0.06439378
-0.0435956754
0.05102396
-0.005989647
0.04152953
0.0042662234
0.09499416
-0.008693673
0.0252801478
-0.00932683
0.10277044
0.00585605158
0.0421721637
-0.01273495
0.07853446
-0.0350645073
0.07053501
-0.0221003052
0.0417349972
-0.046638336
0.0599845462
-0.0015784048
0.0507720858
-0.021458732
0.06679791
-0.0138081275
0.07811575
-0.0255699567
0.03842628
-0.04201402
0.0545581728
-0.0294145979
0.0515448339
-0.010111209
0.05511457
-0.0591044761
0.08028973
-0.06972329
0.07088165
-0.0476159677
0.0378451347
-0.06472112
0.08059135
-0.0192729328
0.0611516759
-0.05900207
0.08167395
-0.04759979
0.09555243
-0.0362582467
0.09648159
-0.023652425
0.0858813
-0.01738443
0.08564045
-0.06785377
0.07060765
-0.0218915474
0.09655779
-0.0355566256
0.07139289
-0.04500756
0.1362156
-0.06623915
0.07894693
-0.034329582
0.09574808
-0.05124033
0.09321154
-0.0159419738
0.0736480653
-0.03913896
0.09586629
-0.0173529256
0.126167521
-0.04833672
0.105765104
-0.0200864021
0.117311917
-0.00078284
0.116144694
-0.0539600365
0.124884285
-0.0312890075
0.135984868
0.0157494079
0.148410738
0.0102412915
0.12479981
0.0477791876
0.147983119
0.00598211866
0.13008292
0.0153175192
0.124686286
-0.0107891811
0.156013727
0.0253186617
0.145630553
0.0687311
0.142960384
0.0750099048
0.147799671
0.0542777739
0.125117779
0.0550170466
0.123589061
0.0488795862
0.122576796
0.09043331
0.163901836
0.033121746
0.0934257656
0.0957994759
0.09682503
0.08181525
0.0721358955
0.06509359
0.09546145
0.0478813
0.0933527946
0.0846157447
0.109373
0.0762295648
0.0955263
0.08908189
0.08918715
0.0990436748
0.07878873
0.0340510122
0.0746998638
0.0336752944
0.0791801959
0.0440790877
0.053779956
0.0722816139
0.08458639
0.0192615539
0.0567605942
0.0402132571
0.06539444
0.028179571
0.0920585
0.063356
0.06935893
0.0382686965
0.0840996355
0.02761819
0.06599036
0.0606611036
0.0697824359
0.035352245
0.06848561
0.06385162
0.0622651428
0.0472631752
0.0512504131
0.0621634424
0.05769971
0.0361235142
0.08584978
0.0543304719
0.08718717
0.0631506443
0.0807710141
0.0509530567
0.0555704162
0.0235260446
0.0531911924
0.069401525
0.08518123
0.048121307
0.07382092
0.07338834
0.07459414
0.04625211
0.07288195
0.0225689188
0.0352685
0.0512862
0.0434879437
0.07748877
0.07474186
0.0616220422
0.0355507061
0.0456174538
0.0575614423
0.05485936
0.0385782532
0.0409141779
0.038329266
0.06483104
0.0110673718
0.02544939
0.0378451571
0.02818558
0.06640915
0.0356298
0.0268524755
0.05781661
0.03733824
0.0399911664
0.03083045
0.008922799
0.024962347
-0.0160666946
0.0232691616
0.04102073
0.0387006626
0.035061866
0.0333104171
0.0418910645
0.0369606428
0.0298779346
0.040007893
-0.00728755072
0.0668319538
0.0429661237
0.0573371947
0.0265869927
0.0240575336
0.0204147976
0.050870616
0.02208431
0.009387136
0.0168969538
0.058511842
0.0196286477
0.0614243858
0.0346863568
0.04116302
0.0337588452
0.0574456528
0.0231423844
0.02572595
0.009712129
0.0483355336
0.0170355942
0.02521726
0.0296693183
0.0193095077
-0.00367829762
0.0432450324
0.04967877
0.0408210941
0.00252751983
0.05059693
0.0121720005
0.0606061146
0.03182461
0.0194308665
0.0163871553
0.04567992
0.0345073156
0.0150692258
0.01501874
0.038932588
0.0220398959
0.006346696
0.0008902497
0.04723381
0.01966366
0.008436014
0.02603812
0.05108479
-0.00181285478
0.0122410944
0.026750179
0.0220863577
-0.000326304435
0.0425518677
0.0194903184
0.0327355
0.00702436035
0.05782002
-0.007341645
0.05863924
0.0248855278
0.04562992
-0.0184586514
0.0596176721
0.019368859
0.0412817374
-0.00527000567
0.0536705367
0.00198096875
0.0170311145
-0.0203273166
0.0316527635
-0.01572578
0.0296976473
-0.0413278267
0.0413080044
0.00360872853
0.0416728519
-0.0104196118
-0.0196397454
-0.0121134231
0.04050219
-0.0305712614
0.0255645756
-0.0846241638
0.006467497
-0.02756645
0.0653523952
-0.03872418
0.04509475
-0.0275316779
0.04816177
-0.0563328862
0.0376776233
0.0152124763
0.06198103
-0.01747564
0.0517691374
-0.0240274
0.0374500826
-0.0355760232
0.0413439833
-0.0498696081
0.0731850341
-0.009671464
0.0614086427
-0.0202481151
0.05544124
-0.0147032877
0.0650430843
-0.0140912347
0.09559445
-0.0003257103
0.03732231
-0.0274297278
0.0239999555
-0.0226121787
0.0669080839
-0.0232788976
0.063919276
-0.0231850054
0.05960895
0.00394596253
0.0515933
-0.02408073
0.0380507931
-7.8500314E-05
0.05481906
0.0150863454
0.0250320416
0.005654872
0.0553220659
-0.0292131938
0.05090366
0.003803339
0.058137387
-0.006690781
0.103099078
-0.0058875205
0.06317453
0.00727899373
0.04457339
-0.0153887337
0.0282288715
-0.003443858
0.0196863115
0.000489144644
0.0384247936
-0.004557786
0.0635339543
-0.004425633
0.0437450446
-0.0276187677
0.0661669746
-0.00780163752
0.0192059986
-0.0218017623
0.0300476626
-0.0331841819
0.0658541247
-0.0123394206
0.0281303991
0.0243412666
0.07247478
-0.0294334833
0.0548794642
-0.0603606366
0.0595312528
-0.01008467
0.0307405852
-0.0237809215
0.08709773
-0.0450156927
0.0176332351
0.0156908054
0.0798644
0.0140944161
0.04881272
0.000444383622
0.0640206859
0.00275251432
0.096539706
0.004668315
0.114637211
0.024926383
0.105323091
0.0110567389
0.06454521
0.0218259823
0.0817968249
-0.000326334266
0.0888479
0.0364469253
0.0990578458
0.01647856
0.0809234753
0.0147967152
0.04506048
0.013260426
0.08170761
-0.0161675923
0.06741865
0.0338363461
0.09040207
0.010364783
0.107915543
0.008004589
0.0964909345
0.0175694618
0.109588653
0.0177819375
0.0814289749
0.009774612
0.06710829
-0.00724459253
0.07423435
0.0235541239
0.03934941
0.0316884071
0.09008824
0.0425217859
0.06191399
0.02680719
0.09957296
0.0484618954
0.0897715
0.0508722551
0.09796201
0.0505753569
0.08164554
0.021672165
0.08358927
0.04997539
0.04444424
0.0141181955
0.0823748857
0.0319722779
0.0596820861
0.03774743
0.06634162
0.03284832
0.04715791
0.04248265
0.06623664
0.0121902153
0.0262675714
0.0533218719
0.07879159
0.06347693
0.060592927
0.0143398652
0.06383603
0.0572389066
-0.00344803371
0.0219081473
0.0419976562
0.00488680648
0.0573186949
-0.0152898449
0.0290202
-0.0164235868
0.0416423641
0.0129627166
0.044875145
-0.00881865
0.04525273
0.0172176547
0.03457186
0.009635317
0.0427194126
0.0473461449
0.0312176
0.00140934752
0.0926175043
0.0182543434
0.0463331565
0.0113313543
0.0295704417
0.0358435735
0.04028916
0.027436059
0.04634773
0.0293714963
0.0153073231
0.0381259844
0.0566973574
0.0266482439
0.0200928729
0.01845669
0.046295777
0.03265452
0.062161468
0.0250404533
0.0481983572
0.0148250461
0.0618824624
0.0460068
0.0610137
0.0249698423
0.07576976
0.02918356
0.02793099
0.0194636751
0.0315927826
0.0293030385
0.0422323532
0.051696334
0.0384150222
0.0569605231
0.0761332661
0.04259908
0.0158397444
0.0555272475
0.0443864055
0.06318101
0.0176303629
0.0454459265
0.0185321961
0.0234301221
-0.00440338254
0.0289629512
0.0354178958
-0.00198830571
-0.0047408333
0.0125213247
-0.00340509531
0.07373613
0.006430397
0.04448157
-0.0156932715
0.0299661364
-0.001362645
0.0234812982
-0.032153178
-2.76598371E-06
-0.011770431
0.0101286052
-0.0059221955
-0.00532670645
0.006438995
-0.0120219477
0.00188083737
0.0291170832
0.0121390149
0.0256130043
-0.02110057
-0.0121002635
-0.0349534526
-0.0258663222
-0.0237140171
-0.04564403
-0.009528981
-0.0220147278
0.05083496
-0.0316830873
0.0001442241
-0.0291575957
0.04190797
-0.0282957889
0.006735157
-0.0348578244
0.00232133
-0.0594231859
0.0178304631
-0.03133092
0.002609383
-0.09011438
0.045651447
-0.0550462
0.05694227
-0.00921713747
-0.00619325461
-0.04078785
0.00104701228
-0.0613022819
0.06434241
-0.0248517655
0.0393060446
-0.0367836058
0.06305574
-0.0289106015
0.0226041619
-0.0270068962
0.0676612556
-0.0258189179
0.004502018
-0.0114705525
0.0144753456
0.0103275366
0.0457244
0.0105120447
0.0512817465
0.0192541759
0.02404763
-0.01289017
0.0424017273
0.02342333
0.0228734072
0.009908336
0.0364592522
-0.03473725
0.0122893695
-0.01050672
-0.00250904169
0.00307606836
0.00515886443
-0.00101031363
0.0117783919
-0.008373474
0.024291791
0.02824375
0.00314360671
0.0179359261
0.0143049695
-0.00922650751
-0.0308713019
0.000281792338
0.00876969
-0.0326118656
0.0154703092
-0.0611191131
0.0111996382
-0.0410728343
-0.0429500677
-0.0274528172
0.006053589
-0.0359608419
0.0272204876
-0.0179344676
-0.0253367182
-0.016224429
0.012477912
-0.0126572484
0.0351216234
-0.00504434
0.004131462
0.007752572
-0.0309836324
-0.0321655758
-0.0008987498
-0.020468723
0.00341423764
-0.0234806724
0.02172791
-0.03240756
0.06250353
-0.0308697168
0.006095731
-0.0772559643
0.0138778444
-0.0573223568
0.0162698533
-0.050307028
0.0523991622
-0.04091209
0.0307135824
-0.07218476
0.0176271275
-0.0455447249
0.1146563
-0.06960535
0.0380631275
-0.08159293
0.0520754419
-0.0504979566
0.08508471
-0.07078905
0.0553240255
-0.030294314
0.0119084343
-0.05715693
0.0479960442
-0.06905682
0.0392534956
-0.00754481554
0.0695332959
-0.0406951159
0.05125185
-0.04367306
0.08497494
-0.07752238
0.0688151
-0.0443355963
0.0160713289
-0.0364683419
0.07352322
-0.07413818
0.09711627
-0.0262407735
0.0556379333
-0.113964662
0.05219053
-0.05809407
0.125488192
-0.0591082051
0.08877333
-0.0219458733
0.07006904
-0.0411062874
0.0610245168
-0.0683774948
0.07279471
-0.0566202551
0.07654084
-0.0191050731
0.08684219
0.00358068687
0.0666744858
-0.06161436
0.084942244
-0.0311169587
0.0711263046
-0.0534991175
0.0588989854
-0.02937315
0.0669509545
-0.008426346
0.07349389
-0.01679802
0.112049468
-0.0363100767
0.105285138
-0.0125584314
0.08625407
0.0435662568
0.04528357
0.004388538
0.08924576
-0.009597138
0.06636269
0.008556359
0.09438203
0.00390583952
0.0444037542
-0.005227928
0.0527098365
0.0301959254
0.06434101
-0.0003197074
0.06677018
-0.0024602206
0.04734581
-0.0170701
0.07379793
0.04364894
0.0598534867
0.03866604
0.08136675
0.00767424935
0.0419928841
0.0254216772
0.07731991
0.007324087
0.08271532
0.0284432527
0.0522667654
0.00310134375
0.06313738
-0.0171335153
0.0453403257
0.03130819
0.0523162633
-0.00201593665
0.0604740679
-0.00316608883
0.0467547067
0.03632429
0.0623068959
0.0179399531
0.0578945838
0.006732009
0.0373234376
0.0468780175
0.01798195
0.0329769365
0.0524719544
0.03769037
0.0221634526
0.040899802
0.0237440877
0.0251317248
0.0347508639
-0.00343825552
-0.00178390858
0.01220747
0.0156987328
0.03332263
0.0372997634
0.0185498148
0.0345038474
0.03242353
0.007282958
-0.007122395
0.03284594
-0.013034421
0.03698361
0.0007443228
0.0462022722
0.0217614714
0.00731919426
0.07243872
0.0243403036
-0.0228054356
-0.00597669976
0.06145792
-0.008031868
-0.00268201437
-0.0214723665
-0.00904707052
-0.02192915
-0.0203070547
0.0107937027
0.03598203
-0.004498829
-0.0286332127
-0.0133510781
-0.0323059075
0.0185364559
-0.0195657779
-0.005644314
-0.00767892459
-0.0178147852
0.00147412647
-0.008554851
-0.0166458245
-0.00565727055
-0.03752012
0.00737560773
-0.08297534
0.0109628011
-0.06381435
0.0214177836
-5.27428E-05
0.0171617214
-0.0317556076
0.0117607722
0.02496199
0.007344046
-0.07085117
0.0344188921
-0.0234633852
0.0313345343
-0.028199207
0.05599884
-0.0238572545
0.0517404079
-0.0516300574
0.0216811914
-0.0474515
0.02383497
-0.06640614
-0.0240813959
0.00542426575
0.002067147
-0.0260465387
-0.0210647713
-0.0671433
-0.0108140958
-0.0368353762
0.03097512
-0.06595275
0.012731364
-0.0130475638
-0.0119931875
-0.0132168811
-0.0353652723
0.0129715111
0.05430204
0.0189114064
0.0177534036
0.00197575125
0.03316219
0.002850354
-0.00568564842
-0.003919348
0.0009141475
-0.00450706
0.01594058
0.0272618663
-0.00352750765
0.0342574827
0.0034891062
-0.026359925
-0.0160566922
0.01078568
0.0133736068
-0.0139341606
0.06165051
-0.0150952712
-0.0298744664
-0.0430821329
0.0026545627
-0.0067190975
-0.0219846629
-0.003152498
-0.00423162663
